[LEFT_CAM_2K]
cx=1110.85
cy=636.1
fx=1405.99
fy=1405.99
k1=-0.172801
k2=0.0276621

[LEFT_CAM_FHD]
cx=966.852
cy=555.1
fx=1405.99
fy=1405.99
k1=-0.172801
k2=0.0276621

[LEFT_CAM_HD]
cx=641.926
cy=366.05
fx=702.997
fy=702.997
k1=-0.172801
k2=0.0276621

[LEFT_CAM_VGA]
cx=335.963
cy=190.025
fx=351.498
fy=351.498
k1=-0.172801
k2=0.0276621

[RIGHT_CAM_2K]
cx=1193.86
cy=634.855
fx=1404.81
fy=1404.81
k1=-0.169589
k2=0.0255328

[RIGHT_CAM_FHD]
cx=1049.86
cy=553.855
fx=1404.81
fy=1404.81
k1=-0.169589
k2=0.0255328

[RIGHT_CAM_HD]
cx=683.429
cy=365.427
fx=702.405
fy=702.405
k1=-0.169589
k2=0.0255328

[RIGHT_CAM_VGA]
cx=356.714
cy=189.714
fx=351.202
fy=351.202
k1=-0.169589
k2=0.0255328

[STEREO]
BaseLine=120.166
CV_2K=0.00588708
CV_FHD=0.00588708
CV_HD=0.00588708
CV_VGA=0.00588708
RX_2K=-0.00327245
RX_FHD=-0.00327245
RX_HD=-0.00327245
RX_VGA=-0.00327245
RZ_2K=-0.000560205
RZ_FHD=-0.000560205
RZ_HD=-0.000560205
RZ_VGA=-0.000560205
